288899
288999
333344
333355
333366
333377
333388
333399
333445
333446
333447
333448
333449
333455
333466
333477
333488
333499
333556
333557
333558
333559
333566
333577
333588
333599
333667
333668
333669
333677
333688
333699
333778
333779
333788
333799
333889
333899
334455
334456
334457
334458
334459
334466
334467
334468
334469
334477
334478
334479
334488
334489
334499
334556
334557
334558
334559
334566
334577
334588
334599
334667
334668
334669
334677
334688
334699
334778
334779
334788
334799
334889
334899
335566
335567
335568
335569
335577
335578
335579
335588
335589
335599
335667
335668
335669
335677
335688
335699
335778
335779
335788
335799
335889
335899
336677
336678
336679
336688
336689
336699
336778
336779
336788
336799
336889
336899
337788
337789
337799
337889
337899
338899
344455
344466
344477
344488
344499
344555
344556
344557
344558
344559
344566
344567
344568
344569
344577
344578
344579
344588
344589
344599
344666
344667
344668
344669
344677
344678
344679
344688
344689
344699
344777
344778
344779
344788
344789
344799
344888
344889
344899
344999
345566
345567
345568
345569
345577
345578
345579
345588
345589
345599
345667
345668
345669
345677
345688
345699
345778
345779
345788
345799
345889
345899
346677
346678
346679
346688
346689
346699
346778
346779
346788
346799
346889
346899
347788
347789
347799
347889
347899
348899
355566
355577
355588
355599
355666
355667
355668
355669
355677
355678
355679
355688
355689
355699
355777
355778
355779
355788
355789
355799
355888
355889
355899
355999
356677
356678
356679
356688
356689
356699
356778
356779
356788
356799
356889
356899
357788
357789
357799
357889
357899
358899
366677
366688
366699
366777
366778
366779
366788
366789
366799
366888
366889
366899
366999
367788
367789
367799
367889
367899
368899
377788
377799
377888
377889
377899
377999
378899
388899
388999
444455
444466
444477
444488
444499
444556
444557
444558
444559
444566
444577
444588
444599
444667
444668
444669
444677
444688
444699
444778
444779
444788
444799
444889
444899
445566
445567
445568
445569
445577
445578
445579
445588
445589
445599
445667
445668
445669
445677
445688
445699
445778
445779
445788
445799
445889
445899
446677
446678
446679
446688
446689
446699
446778
446779
446788
446799
446889
446899
447788
447789
447799
447889
447899
448899
455566
455577
455588
455599
455666
455667
455668
455669
455677
455678
455679
455688
455689
455699
455777
455778
455779
455788
455789
455799
455888
455889
455899
455999
456677
456678
456679
456688
456689
456699
456778
456779
456788
456799
456889
456899
457788
457789
457799
457889
457899
458899
466677
466688
466699
466777
466778
466779
466788
466789
466799
466888
466889
466899
466999
467788
467789
467799
467889
467899
468899
477788
477799
477888
477889
477899
477999
478899
488899
488999
555566
555577
555588
555599
555667
555668
555669
555677
555688
555699
555778
555779
555788
555799
555889
555899
556677
556678
556679
556688
556689
556699
556778
556779
556788
556799
556889
556899
557788
557789
557799
557889
557899
558899
566677
566688
566699
566777
566778
566779
566788
566789
566799
566888
566889
566899
566999
567788
567789
567799
567889
567899
568899
577788
577799
577888
577889
577899
577999
578899
588899
588999
666677
666688
666699
666778
666779
666788
666799
666889
666899
667788
667789
667799
667889
667899
668899
677788
677799
677888
677889
677899
677999
678899
688899
688999
